corpus_bleu_score = [0.1354146730562201, 0.03483523451768669, 0.01047221671105945, 0.003676037943873327]
sacre_blue_score = {'score': 0.4252242515935273, 'counts': [3960, 250, 26, 4], 'totals': [24720, 23522, 22324, 21126], 'precisions': [16.019417475728154, 1.0628347929597823, 0.11646658304963269, 0.018934014957871816], 'bp': 0.9660039278884474, 'sys_len': 24720, 'ref_len': 25575}
rouge_scores = {'rouge-1': {'r': 0.0989610948513771, 'p': 0.0973163182122775, 'f': 0.09270870592510921}, 'rouge-2': {'r': 0.010230035317367705, 'p': 0.009594537372981046, 'f': 0.009229432903578486}, 'rouge-l': {'r': 0.08541739488015085, 'p': 0.08228663313833323, 'f': 0.07903488532741329}}
wer_scores = 1.166046404778314
cer_scores = 0.9333650898530237
corpus_bleu_score_with_tf = [0.3964835085353988, 0.2669874383349663, 0.20927478759798668, 0.18086233380276126]
sacre_blue_score_with_tf = {'score': 17.579800086139223, 'counts': [9498, 4162, 2924, 2602], 'totals': [24710, 23512, 22314, 21116], 'precisions': [38.43787940105221, 17.701599183395714, 13.103880971587344, 12.322409547262739], 'bp': 0.9655995546479825, 'sys_len': 24710, 'ref_len': 25575}
rouge_scores_with_tf = {'rouge-1': {'r': 0.27801417719077465, 'p': 0.30606572538085847, 'f': 0.2905815082774789}, 'rouge-2': {'r': 0.13867435157454167, 'p': 0.1482862183131967, 'f': 0.1431823272100932}, 'rouge-l': {'r': 0.26878476147771035, 'p': 0.2955257495065607, 'f': 0.2807748638741893}}
wer_scores_with_tf = 0.7654950608775557
cer_scores_with_tf = 0.6198821423357944
